0 0.0546875 0.16296296296296298 0.03177083333333333 0.05462962962962963
0 0.22760416666666666 0.2361111111111111 0.03177083333333333 0.05462962962962963
0 0.078125 0.075 0.028645833333333332 0.053703703703703705
0 0.9411458333333333 0.9111111111111111 0.030729166666666665 0.05555555555555555
0 0.8916666666666667 0.8787037037037037 0.028645833333333332 0.053703703703703705
0 0.925 0.16203703703703703 0.030729166666666665 0.05555555555555555
3 0.49166666666666664 0.6648148148148149 0.0328125 0.058333333333333334
3 0.6109375 0.41203703703703703 0.034375 0.06111111111111111
3 0.5015625 0.2675925925925926 0.034895833333333334 0.06018518518518518
3 0.2864583333333333 0.29814814814814816 0.034375 0.06111111111111111
3 0.9088541666666666 0.6685185185185185 0.0328125 0.058333333333333334
3 0.5510416666666667 0.4722222222222222 0.030729166666666665 0.05925925925925926
3 0.059375 0.6796296296296296 0.030729166666666665 0.05925925925925926
